friend
All's Well That Ends Well 24
85 211 232 276 306 338 456 457 459 461 468 469 652 1084 1381 1647 2031 2415 3023 3118 3182 3453 3574 3740 
As You Like It 18
461 569 690 852 1090 1249 1459 1467 1534 1671 1697 1733 2345 2688 3030 3031 3188 3389 
The Comedy of Errors 8
164 1563 1618 2059 2112 2224 2419 2631 
Cymbeline 23
142 154 271 452 498 546 722 788 1020 1121 1290 1554 2392 2727 2729 3421 3452 3670 3736 3755 3757 4220 4787 
Love's Labours Lost 11
909 1433 1499 2529 2627 2934 3243 3468 3798 3800 3897 
Measure for Measure 15
320 331 366 380 496 846 1644 2030 2591 2634 2663 2792 3077 3109 3864 
The Merry Wives of Windsor 17
58 97 372 742 775 1121 1124 1641 1757 1797 2016 2080 2085 2101 2381 3161 3274 
The Merchant of Venice 38
76 470 556 557 563 600 695 711 746 944 994 1150 1212 1578 1809 1847 1922 1928 1946 1962 1980 1981 1983 2014 2016 2029 2032 2036 2040 2042 2702 2887 3031 3033 3072 3185 3290 3322 
A Midsummer Night's Dream 15
174 275 418 849 853 1168 1506 1520 1521 2061 2257 2606 2679 2707 2786 
Much Ado About Nothing 22
113 115 190 361 449 646 779 1092 2173 2298 2342 2522 2525 2603 2605 2660 2662 2687 2724 3372 3599 3644 
Pericles, Prince of Tyre 14
468 738 766 775 816 835 850 863 1503 1877 2487 2861 2882 3032 
Taming of the Shrew 20
141 422 546 628 709 710 739 740 771 788 791 866 942 1074 1278 1813 2040 2133 2430 2592 
The Tempest 10
833 1330 1345 1502 1510 1523 1715 2038 2702 2711 
Troilus and Cressida 18
310 1300 1923 1941 1949 1963 1967 1971 2024 2547 2644 2917 3160 3234 3759 4573 4633 4745 
Twelfth Night 14
57 1219 1304 1687 2045 2347 2651 2737 3001 3008 3010 3019 3022 3027 
Two Gentlemen of Verona 40
81 90 91 512 524 531 717 801 1017 1130 1344 1364 1371 1511 1516 1524 1554 1567 1579 1631 1766 1789 2074 2080 2085 2106 2108 2164 2276 2430 2491 2572 3018 3021 3035 3039 3040 3043 3049 3114 
Winter's Tale 22
228 231 298 309 550 561 709 1553 1686 2018 2312 2313 2383 2399 2770 2939 3185 3607 3641 3669 3773 3977 
Henry IV, part 1 22
21 69 496 1071 1078 1079 1080 1413 2076 2141 2439 2758 2841 3285 3331 3409 3424 3428 3430 3551 3686 3896 
Henry IV, part 2 26
192 312 615 1040 1392 1747 1915 2115 2239 2284 2290 2296 2433 2671 2673 2775 3097 3217 3332 3463 3552 3569 3575 3665 3933 3999 
Henry V 27
567 577 676 696 704 1126 1263 1421 1789 2094 2098 2189 2260 2297 2349 2510 2609 2994 3096 3099 3104 3256 3269 3320 3378 3515 3833 
Henry VI, part 1 23
183 456 801 872 1229 1277 1362 1672 1683 1736 1740 1770 1806 2059 2075 2155 2243 2324 2456 2512 2897 3046 3267 
Henry VI, part 2 10
179 266 2124 2258 2464 2778 3042 3433 3723 3895 
Henry VI, part 3 43
80 144 943 963 1016 1115 1523 1548 1596 1644 1660 2172 2181 2303 2305 2380 2382 2573 2624 2627 2655 2657 2678 2687 2706 2725 2842 2864 2899 2995 3048 3069 3087 3091 3125 3172 3181 3271 3329 3425 3501 3525 3528 
Henry VIII 32
23 30 232 546 548 830 1086 1148 1632 1643 1645 1669 1711 2008 2011 2016 2018 2073 2103 2122 2446 2477 3006 3012 3247 3290 3381 3452 3684 3839 3865 3960 
King John 23
161 827 944 1087 1122 1286 1336 1395 1573 1582 1615 1654 1723 1740 1993 2145 2676 2756 2964 3036 3076 3089 3093 
Richard II 22
232 391 635 734 746 998 1220 1260 1411 1564 1595 1731 1851 1910 2009 2061 2258 2902 3237 3242 3251 3342 
Richard III 42
448 684 746 870 871 1291 1373 1411 1449 1494 1495 1523 1864 2039 2041 2287 2483 2725 2766 2896 2991 3027 3040 3158 3416 3873 4184 4190 4263 4265 4270 4277 4290 4315 4411 4424 4431 4433 4587 4749 4752 4956 
Antony and Cleopatra 42
249 386 753 923 1071 1172 1434 1442 1446 1455 1457 1595 1649 1790 2037 2391 2539 2802 2811 2818 2819 2946 3050 3052 3056 3367 3381 3670 3700 3827 4059 4117 4129 4156 4181 4271 4316 4343 4347 4539 4666 4696 
Coriolanus 48
79 84 165 168 179 334 645 770 781 787 878 1145 1905 1920 1957 2034 2051 2082 2084 2280 2526 2556 2561 2816 2845 3148 3263 3479 3488 3511 3688 3705 3764 3792 3794 3837 3842 3855 4035 4220 4251 4317 4319 4329 4463 4476 4784 4867 
Hamlet 35
32 343 453 694 708 1124 1125 1171 1198 1225 1270 1280 1459 1639 1698 1722 1765 1770 1967 1968 2097 2099 2113 2712 2714 2715 2905 2978 3456 3462 3929 3936 4014 4082 5256 
Julius Caesar 50
166 175 318 692 975 1044 1366 1368 1369 1443 1610 1638 1665 1692 1762 1775 1779 1784 1796 1891 1913 1915 2003 2015 2083 2178 2184 2187 2210 2303 2305 2393 2429 2433 2603 2613 2622 2685 2834 3149 3225 3252 3321 3353 3371 3375 3406 3409 3416 3469 
King Lear 32
40 287 574 626 858 1415 1477 1487 1708 2361 2657 2660 2853 2857 2860 2921 2942 2943 3098 3133 3350 3592 3619 3784 3887 3928 3963 4341 4704 4756 4764 4795 
Macbeth 15
35 352 707 947 1238 1405 1586 1668 1713 1716 1721 2312 2845 3142 3194 
Othello 27
284 295 629 852 1014 1074 1236 1435 1641 1932 1934 1945 2014 2034 2233 2344 2571 2705 2987 3007 3054 3736 3775 4117 4228 4257 4589 
Romeo and Juliet 19
225 2094 2175 2198 2290 2451 2572 2584 2646 2650 2721 2770 2774 2927 3643 3756 3862 3864 3928 
Timon of Athens 67
163 255 457 506 569 580 583 593 595 601 609 666 712 767 788 795 816 822 939 944 971 1167 1177 1178 1236 1239 1245 1310 1324 1325 1338 1374 1412 1429 1445 1472 1501 1591 1699 1729 1821 1876 1925 1959 1989 2000 2009 2081 2103 2138 2140 2150 2245 2252 2291 2735 2819 2925 2992 3022 3033 3089 3104 3219 3260 3263 3357 
Titus Andronicus 32
13 24 61 66 218 261 267 511 557 578 610 626 634 637 693 785 1223 1354 1397 1899 2041 2236 2544 2704 2709 2788 3022 3129 3158 3168 3232 3260 
The Sonnets 20
429 444 451 457 478 626 628 631 742 1230 1550 1650 1667 1790 1984 1986 1992 2008 2158 2227 
The Rape of Lucrece 13
101 318 321 616 652 701 716 1076 1151 1180 1417 1752 1753 
Venus and Adonis 6
444 706 767 859 976 1146 
Funeral Elegy by W.S. 2
4 10 
