well
All's Well That Ends Well 102
1 89 96 103 220 225 229 240 266 274 277 320 332 345 360 420 422 512 524 709 718 734 735 741 746 753 764 789 793 820 864 886 893 945 998 1107 1158 1189 1220 1301 1316 1339 1389 1411 1427 1439 1455 1456 1522 1546 1548 1549 1550 1551 1553 1554 1556 1597 1656 1690 1694 1705 1742 1746 1764 1804 1845 1942 2039 2081 2200 2212 2303 2321 2341 2398 2411 2723 2906 2918 2942 2948 2965 2988 3011 3104 3134 3144 3162 3201 3204 3294 3387 3404 3513 3533 3565 3633 3691 3931 3981 3987 
As You Like It 83
7 53 96 164 169 200 230 349 365 470 502 517 536 547 555 560 593 597 650 865 971 981 992 1012 1163 1170 1214 1226 1430 1499 1524 1526 1528 1803 1890 1901 1910 1947 1954 1957 1962 2025 2106 2114 2123 2131 2142 2156 2175 2182 2265 2349 2395 2410 2415 2424 2494 2566 2708 2742 2787 2851 2920 2921 2983 2984 2992 3052 3263 3281 3283 3400 3408 3421 3423 3426 3428 3430 3434 3542 3562 3568 3606 
The Comedy of Errors 32
11 34 214 378 394 555 574 585 673 790 800 804 920 929 990 1006 1018 1066 1090 1293 1314 1358 1385 1435 1556 1566 1575 1618 1662 1676 1893 2437 
Cymbeline 52
95 98 349 751 753 832 834 844 846 948 1014 1419 1467 1537 1583 1586 1683 1739 1826 1955 2019 2047 2263 2274 2315 2354 2368 2388 2396 2556 2714 2809 2829 2841 2873 2904 3079 3095 3104 3434 3436 3760 3773 3848 3931 3993 4310 4348 4525 4545 4686 4761 
Love's Labours Lost 66
44 52 75 111 113 130 139 149 172 255 358 376 542 578 609 629 657 668 686 774 775 789 921 952 991 1027 1035 1190 1279 1343 1364 1419 1431 1460 1590 1619 1760 1779 1809 1857 1883 1887 1890 1894 1920 1996 2066 2233 2443 2524 2576 2654 2752 2767 2820 2962 3033 3041 3065 3096 3288 3468 3558 3784 3940 3949 
Measure for Measure 78
75 89 92 98 136 155 198 237 372 374 637 654 657 662 686 730 735 742 760 767 784 790 792 794 876 925 928 962 1011 1030 1046 1054 1100 1145 1172 1218 1240 1242 1366 1393 1542 1548 1859 1921 1960 1975 2059 2064 2067 2100 2104 2107 2115 2191 2216 2220 2314 2317 2358 2380 2410 2552 2761 2864 2897 2989 2992 3007 3033 3038 3072 3327 3373 3384 3473 3477 3685 3825 
The Merry Wives of Windsor 101
26 27 84 89 102 261 345 363 393 427 432 456 485 628 640 750 787 792 794 802 804 807 832 854 877 898 935 954 981 986 1085 1107 1110 1174 1177 1187 1190 1235 1277 1356 1361 1415 1419 1455 1483 1512 1607 1623 1630 1707 1796 1804 1818 1857 1872 1913 1920 2009 2030 2034 2058 2082 2191 2222 2311 2384 2387 2405 2419 2430 2464 2470 2480 2486 2506 2544 2587 2658 2714 2799 2888 2900 2926 2932 3055 3086 3098 3127 3159 3161 3258 3279 3305 3334 3397 3457 3470 3677 3718 3813 3818 
The Merchant of Venice 90
72 96 129 132 136 139 153 159 191 241 243 369 380 390 394 398 451 479 527 537 585 690 693 698 701 702 732 741 743 776 809 864 870 874 880 888 934 937 945 956 960 969 1045 1103 1110 1117 1127 1154 1302 1304 1346 1422 1434 1537 1678 1705 1713 1825 1832 1949 2091 2108 2156 2162 2163 2236 2243 2331 2421 2423 2425 2428 2645 2688 2689 2721 2866 2896 2898 2901 2937 2939 2959 2962 3017 3192 3305 3311 3314 3413 
A Midsummer Night's Dream 35
87 124 125 260 276 387 430 476 627 746 749 807 851 941 969 994 1002 1030 1060 1236 1345 1522 1548 1551 1819 1873 1951 2450 2533 2574 2576 2578 2582 2679 2706 
Much Ado About Nothing 80
77 179 284 326 333 350 429 595 605 614 667 687 695 715 720 760 786 824 909 926 1148 1149 1168 1199 1221 1235 1264 1353 1378 1386 1387 1445 1470 1599 1649 1740 1789 1803 1812 1817 1847 1856 1901 1906 1957 2036 2105 2209 2210 2231 2336 2398 2518 2540 2570 2585 2611 2615 2649 2706 2754 2896 2897 2956 3049 3058 3088 3091 3144 3272 3277 3279 3291 3317 3345 3452 3472 3477 3595 3638 
Pericles, Prince of Tyre 67
203 248 254 389 421 451 682 781 785 907 930 955 1103 1106 1108 1121 1233 1237 1240 1241 1243 1271 1272 1353 1410 1515 1575 1594 1673 1778 1905 1972 1975 2051 2053 2068 2076 2115 2159 2164 2192 2231 2241 2265 2306 2338 2342 2364 2404 2406 2425 2472 2507 2518 2626 2654 2698 2741 2776 2857 2912 2929 3032 3034 3169 3243 3245 
Taming of the Shrew 93
27 41 65 119 126 165 171 177 272 310 321 371 382 418 433 462 498 511 651 723 752 755 763 800 833 840 869 884 891 909 915 918 936 1001 1029 1065 1090 1109 1182 1184 1229 1236 1244 1259 1271 1307 1332 1370 1391 1427 1481 1492 1510 1600 1635 1637 1749 1781 1820 1913 1917 1941 1956 2055 2374 2450 2483 2569 2636 2730 2746 2834 2857 2876 2898 2940 2943 2964 2970 3020 3076 3114 3123 3145 3187 3372 3387 3416 3444 3470 3486 3651 3666 
The Tempest 29
97 307 552 780 782 843 903 980 1030 1081 1140 1226 1292 1308 1453 1509 1626 1682 2020 2066 2241 2253 2370 2431 2651 2874 2887 2902 3008 
Troilus and Cressida 75
50 76 88 293 310 311 397 449 526 539 563 565 588 602 1004 1024 1183 1185 1187 1239 1285 1287 1359 1361 1453 1486 1489 1506 1703 1793 1815 2014 2022 2059 2134 2291 2320 2356 2362 2639 2692 2810 2874 2912 2915 2937 3195 3246 3247 3312 3359 3494 3542 3588 3621 3634 3672 3677 3737 3817 4099 4108 4150 4153 4167 4171 4279 4428 4439 4447 4624 4638 4652 4690 4775 
Twelfth Night 73
85 230 287 331 379 394 410 424 440 492 536 544 583 629 730 765 790 796 803 807 816 882 885 1031 1060 1085 1087 1192 1269 1326 1366 1614 1635 1699 1762 1772 1811 2075 2110 2159 2223 2344 2410 2508 2561 2569 2571 2673 2718 2765 2768 2786 2798 2835 2838 2850 2873 2885 2887 2911 2913 2955 2970 3005 3039 3062 3223 3276 3387 3394 3415 3433 3463 
Two Gentlemen of Verona 60
62 86 115 173 189 233 238 426 467 478 486 487 517 585 637 639 643 701 732 807 846 886 888 932 977 992 1007 1027 1031 1034 1053 1130 1189 1287 1288 1313 1438 1449 1581 1866 1932 1959 1971 1994 2132 2140 2339 2389 2391 2503 2633 2656 2735 2746 2777 2860 2872 2905 2971 3153 
Winter's Tale 46
48 104 112 116 206 236 440 613 629 817 827 834 995 997 1052 1060 1330 1419 1847 1854 1858 1936 1981 2082 2180 2211 2331 2369 2488 2557 2640 2667 2765 2981 3149 3185 3252 3268 3392 3472 3614 3748 3929 3999 4015 4020 
Henry IV, part 1 89
17 150 160 182 206 207 233 303 305 307 317 322 324 354 364 366 368 525 677 719 732 742 755 764 896 919 933 994 998 1144 1181 1195 1555 1577 1690 1699 1720 1733 1739 1801 1884 1904 1921 1930 2121 2141 2165 2174 2200 2219 2340 2518 2534 2592 2633 2768 2770 2797 2811 2884 2900 2991 3059 3077 3101 3105 3106 3142 3162 3207 3226 3276 3285 3307 3317 3405 3431 3433 3440 3474 3553 3615 3670 3788 3804 3821 3827 3831 3847 
Henry IV, part 2 99
25 93 218 230 231 287 365 447 461 479 490 497 549 553 566 574 580 619 832 880 941 959 1070 1111 1118 1157 1169 1205 1299 1346 1427 1629 1640 1687 1819 1820 1823 1827 1829 1832 1834 1850 2034 2060 2067 2086 2089 2094 2125 2129 2184 2200 2203 2263 2274 2308 2320 2352 2354 2368 2370 2383 2414 2432 2459 2559 2611 2668 2688 2705 2745 2766 2786 2881 2987 3050 3074 3091 3192 3428 3466 3552 3554 3559 3629 3662 3673 3693 3749 3768 3801 3805 3865 4038 4050 4132 4167 4193 4216 
Henry V 61
7 59 230 345 402 414 427 467 494 498 563 594 609 632 680 714 761 1016 1037 1044 1084 1093 1227 1399 1746 1791 1803 1866 1917 1920 1949 1993 1995 2041 2092 2098 2136 2308 2410 2412 2475 2503 2505 2508 2711 2713 2735 2848 3006 3026 3089 3090 3101 3528 3530 3614 3622 3713 3833 3921 4085 
Henry VI, part 1 49
185 241 311 533 547 714 823 849 941 980 1112 1151 1179 1197 1229 1273 1287 1290 1459 1467 1503 1507 1510 1668 1693 2071 2125 2143 2349 2382 2418 2420 2436 2479 2488 2513 2699 2812 2862 2883 2925 3201 3210 3214 3220 3224 3344 3359 3453 
Henry VI, part 2 73
80 172 261 430 735 752 756 767 783 806 818 820 821 829 867 891 946 1032 1040 1049 1079 1107 1179 1287 1331 1363 1393 1509 1523 1525 1527 1549 1554 1610 1645 1682 1706 1714 1764 1783 1892 1981 1987 1999 2041 2044 2145 2247 2259 2312 2445 2460 2467 2791 2843 2929 3015 3034 3164 3186 3247 3345 3377 3491 3561 3578 3607 3617 3650 3944 4041 4075 4080 
Henry VI, part 3 60
96 278 317 343 835 836 944 993 1104 1234 1348 1484 1767 1778 1821 1825 2026 2061 2103 2201 2338 2445 2478 2486 2495 2502 2535 2541 2622 2631 2674 2698 2790 2882 2894 2909 2910 3036 3044 3063 3076 3102 3152 3179 3180 3187 3189 3193 3200 3202 3216 3234 3389 3470 3471 3474 3498 3594 3746 3917 
Henry VIII 80
7 36 206 268 281 293 333 362 480 516 591 731 819 931 1154 1214 1222 1226 1528 1556 1683 1758 1841 1850 1857 1895 2081 2119 2278 2319 2351 2369 2394 2398 2400 2401 2486 2565 2658 2661 2662 2684 2685 2696 2697 2704 2741 2746 2753 2761 2765 2768 2777 2786 2792 2800 2804 2817 2943 2947 3010 3041 3044 3209 3226 3257 3258 3315 3317 3321 3390 3415 3437 3591 3601 3647 3658 3833 3834 3890 
King John 61
42 86 107 122 133 191 226 239 300 350 392 433 523 695 847 1009 1011 1041 1059 1077 1090 1326 1356 1377 1488 1562 1564 1606 1607 1609 1634 1635 1650 1652 1664 1717 1766 2042 2088 2096 2106 2114 2115 2177 2434 2559 2606 2616 2658 2728 2872 2878 2883 2905 3068 3083 3088 3089 3138 3146 3258 
Richard II 61
37 48 236 292 302 305 322 391 399 444 538 572 624 628 700 722 727 729 750 935 1016 1028 1035 1047 1052 1133 1162 1201 1299 1325 1334 1342 1344 1544 1551 1572 1586 1587 1632 1658 1767 1776 1789 1845 1866 1974 2004 2070 2102 2148 2194 2487 2511 2517 2669 2881 2914 3229 3230 3395 3425 
Richard III 95
32 109 131 138 140 143 156 189 274 490 527 531 641 739 912 914 916 997 1006 1041 1046 1178 1238 1357 1514 1539 1651 1794 1831 1859 1880 1886 1896 1969 2007 2017 2156 2255 2271 2419 2474 2560 2581 2609 2617 2741 2759 2771 2776 2786 2808 2817 2818 2819 2840 2915 2917 3059 3067 3106 3125 3158 3166 3183 3256 3281 3300 3301 3406 3446 3450 3487 3491 3557 3629 3721 3724 3800 4176 4225 4239 4280 4290 4315 4371 4420 4456 4490 4584 4587 4589 4726 4792 4869 4959 
Antony and Cleopatra 99
190 253 278 344 468 519 549 561 674 676 708 768 824 868 889 917 933 1086 1177 1195 1220 1347 1360 1374 1377 1408 1413 1417 1423 1426 1433 1438 1440 1652 1665 1670 1705 1706 1715 1737 1841 1857 1930 1950 1988 2071 2095 2147 2153 2174 2176 2183 2192 2227 2230 2244 2337 2579 2584 2618 2635 2683 2708 2779 2865 3039 3270 3326 3330 3336 3353 3385 3394 3401 3427 3475 3481 3507 3510 3511 3525 3861 3862 4032 4034 4036 4469 4738 4742 4819 4824 4829 4849 4867 4905 4923 4927 4929 4969 
Coriolanus 83
40 115 130 135 154 181 243 347 374 382 454 456 458 532 608 615 760 771 781 801 1000 1076 1159 1178 1203 1216 1222 1224 1226 1243 1585 1716 1876 1991 2126 2293 2351 2357 2368 2377 2627 2767 2796 2806 2899 2913 2960 3004 3018 3041 3069 3111 3202 3227 3228 3258 3264 3304 3362 3386 3399 3401 3426 3429 3447 3452 3477 3507 3563 3576 3838 3859 3879 3884 3904 3928 4141 4216 4248 4256 4261 4303 4801 
Hamlet 87
25 38 73 154 168 177 300 305 448 607 613 615 622 713 719 725 732 1036 1099 1170 1185 1217 1228 1230 1301 1311 1313 1457 1485 1486 1488 1493 1510 1615 1619 1684 1906 1946 1953 1967 2015 2080 2082 2110 2195 2307 2316 2366 2373 2374 2376 2380 2420 2475 2525 2545 2729 2830 2834 2922 3037 3079 3178 3601 3784 3817 3923 3966 4073 4087 4193 4209 4401 4402 4405 4684 4711 4749 4785 4958 4963 4973 5020 5050 5127 5135 5167 
Julius Caesar 68
205 224 234 235 241 242 291 354 408 474 488 508 533 543 573 719 735 958 959 962 1036 1040 1087 1121 1133 1267 1270 1316 1378 1412 1419 1495 1562 1570 1678 1692 1704 2134 2281 2294 2309 2311 2414 2471 2564 2745 2771 2798 2807 2861 2870 2879 2926 2953 3085 3108 3175 3176 3178 3180 3182 3280 3351 3474 3476 3482 3498 3500 
King Lear 77
163 251 318 363 373 378 382 389 393 440 448 452 538 692 708 718 793 805 825 1008 1178 1205 1209 1313 1336 1338 1439 1709 1840 1856 1898 1908 1925 2033 2073 2083 2104 2107 2133 2177 2213 2225 2574 2911 2921 2925 2927 2932 3235 3327 3411 3431 3536 3543 3593 3595 3597 3611 3614 3648 3705 3742 3793 3812 3867 3920 4008 4117 4121 4162 4213 4325 4355 4372 4433 4497 4667 
Macbeth 38
48 53 62 82 312 449 564 720 1146 1167 1230 1232 1235 1250 1297 1343 1452 1471 1572 1666 1671 1682 1867 1901 1962 2315 2347 2445 2479 2542 2546 2550 2723 2767 2797 2988 3025 3174 
Othello 93
63 84 197 212 315 687 790 897 913 981 996 1048 1065 1135 1183 1191 1231 1239 1247 1317 1333 1338 1425 1431 1460 1519 1535 1536 1538 1540 1578 1730 1784 1804 1807 1823 1877 1920 1970 1998 2021 2052 2137 2139 2289 2290 2303 2307 2366 2425 2431 2437 2520 2530 2531 2532 2533 2539 2667 2742 2770 2775 2843 3009 3020 3096 3180 3211 3229 3250 3273 3306 3408 3476 3502 3615 3801 3831 3833 3834 3837 3839 3866 3966 4012 4056 4249 4267 4348 4532 4613 4836 4888 
Romeo and Juliet 83
62 105 276 299 324 326 360 366 396 498 538 541 596 712 721 834 890 914 1201 1202 1237 1284 1352 1386 1564 1566 1592 1602 1646 1654 1656 1682 1687 1737 1744 1745 1756 1833 1851 1885 2011 2023 2075 2259 2335 2382 2387 2518 2603 2611 2614 2621 2642 2655 2658 2718 2727 2760 2776 2813 2816 2980 3159 3183 3205 3224 3228 3239 3255 3341 3370 3457 3458 3484 3570 3572 3574 3599 3603 3659 3757 3862 3908 
Timon of Athens 55
2 6 12 18 27 30 59 98 126 161 164 173 199 270 281 286 293 309 329 352 445 447 556 699 765 837 971 1213 1270 1272 1301 1302 1308 1312 1372 1424 1511 1681 1907 2222 2296 2365 2391 2392 2394 2398 2498 2558 2903 3031 3063 3164 3197 3215 3396 
Titus Andronicus 47
179 184 304 394 508 698 706 885 929 961 984 1062 1101 1116 1263 1432 1502 1658 1698 1700 1702 1825 2001 2007 2019 2028 2068 2085 2190 2224 2263 2319 2672 2779 2855 2857 2881 2886 2933 2936 3027 3057 3064 3192 3224 3233 3272 
The Sonnets 32
64 112 129 204 315 469 505 601 606 827 872 1057 1078 1097 1239 1271 1294 1333 1393 1434 1544 1672 1710 1869 1935 1946 1955 1977 2081 2214 2221 2306 
A Lover's Complaint 6
95 123 130 150 250 294 
The Rape of Lucrece 19
79 108 495 544 789 1095 1096 1260 1285 1333 1350 1454 1521 1641 1697 1702 1705 1790 1832 
Venus and Adonis 18
157 169 260 267 274 305 358 407 571 619 654 697 767 811 1042 1158 1385 1390 
